-1.066916 2.459563 2.472728 2.856090 -4.561167 -4.494399 -4.648832 0.584931 0.366750 -0.003189 -2.678415 -1.801433 -1.296666
7.666275 5.635484 0.813488 -2.484429 5.226558 0.203353 -2.948099 -1.353074 -8.385341 -13.038555 -1.207381 -8.560854 -15.394228
17.529538 18.027324 17.381046 17.867279 17.641534 17.472556 18.640069 18.816646 21.673941 16.078086 18.742444 20.393228 18.132278
-1.056760 2.458588 2.470192 2.858606 -4.562008 -4.545041 -4.689498 0.584308 0.343331 0.024203 -2.678401 -1.820909 -1.289749
7.661558 5.624786 0.812718 -2.490456 5.223772 0.198493 -2.914394 -1.360096 -8.331804 -13.153179 -1.212178 -8.581982 -15.392325
17.694673 18.185244 17.468755 17.913524 17.788867 17.679834 18.947763 18.977673 21.977964 16.523118 18.882743 20.469704 18.146175
-1.037558 2.463291 2.473949 2.863973 -4.557200 -4.584275 -4.719115 0.587803 0.315906 0.047399 -2.674785 -1.831740 -1.285391
7.659878 5.612649 0.812321 -2.495911 5.227611 0.201531 -2.865001 -1.354568 -8.265836 -13.267958 -1.227306 -8.610970 -15.399382
17.863577 18.350498 17.559150 17.963047 17.936788 17.878554 19.255791 19.140838 22.275318 16.982915 19.016367 20.545590 18.162177
-1.022421 2.465944 2.477689 2.866207 -4.554791 -4.625317 -4.733552 0.590926 0.283513 0.066643 -2.670554 -1.849226 -1.285884
7.661528 5.602542 0.813802 -2.499576 5.235856 0.209893 -2.805404 -1.350795 -8.201986 -13.391734 -1.236755 -8.633059 -15.398992
18.036824 18.514030 17.655358 18.016232 18.087965 18.069757 19.557994 19.299520 22.560072 17.449071 19.138563 20.617702 18.175062
-1.013950 2.464819 2.474483 2.861928 -4.555293 -4.675860 -4.740159 0.593116 0.259402 0.089219 -2.667353 -1.860053 -1.282333
7.653278 5.590750 0.813972 -2.503430 5.227187 0.202185 -2.763110 -1.361806 -8.152557 -13.533054 -1.245077 -8.655483 -15.396838
18.206431 18.676052 17.753127 18.076201 18.237234 18.257846 19.845761 19.453122 22.835259 17.923626 19.274584 20.689468 18.183062
-1.021100 2.465620 2.472512 2.864969 -4.555102 -4.709667 -4.763395 0.589371 0.230695 0.111579 -2.670863 -1.857874 -1.275222
7.642844 5.573458 0.809175 -2.510505 5.222922 0.199348 -2.714117 -1.371951 -8.101437 -13.676722 -1.255613 -8.681256 -15.399772
18.366495 18.835329 17.849911 18.142064 18.395680 18.469281 20.150774 19.610122 23.110106 18.419172 19.427092 20.756232 18.190350
-1.038831 2.463845 2.468639 2.869226 -4.558631 -4.735676 -4.816626 0.582514 0.194786 0.128240 -2.676758 -1.859866 -1.274199
7.640688 5.561229 0.809202 -2.511975 5.230792 0.209774 -2.648916 -1.378901 -8.048573 -13.819462 -1.253511 -8.694912 -15.394038
18.529517 18.990464 17.947534 18.210142 18.563437 18.717182 20.489165 19.770764 23.380426 18.931239 19.576889 20.812196 18.196781
-1.043547 2.459942 2.452368 2.860371 -4.562889 -4.781693 -4.867556 0.574685 0.164579 0.137478 -2.682369 -1.874242 -1.276456
7.640276 5.559237 0.819904 -2.503053 5.227409 0.210781 -2.592208 -1.391308 -8.008424 -13.966855 -1.243053 -8.700847 -15.382658
18.700477 19.145236 18.046076 18.272221 18.725175 18.951384 20.810003 19.933492 23.636207 19.441065 19.719519 20.857937 18.201296
-1.028554 2.461427 2.439205 2.852103 -4.560987 -4.829195 -4.894914 0.575127 0.134897 0.140757 -2.680457 -1.891008 -1.273953
7.639674 5.558035 0.833089 -2.491495 5.222935 0.211778 -2.533722 -1.393605 -7.970740 -14.107375 -1.243590 -8.719067 -15.385220
18.876627 19.310048 18.150791 18.341335 18.885637 19.171949 21.115269 20.101509 23.871391 19.941439 19.867350 20.897764 18.206418
-1.014953 2.464166 2.440242 2.849140 -4.558033 -4.870025 -4.918950 0.577413 0.103551 0.143731 -2.677001 -1.901020 -1.271122
7.641919 5.553257 0.843688 -2.482713 5.228775 0.224923 -2.460327 -1.389234 -7.932147 -14.245351 -1.247331 -8.739739 -15.393819
19.057568 19.479565 18.259371 18.425223 19.043518 19.403688 21.429922 20.271081 24.096032 20.456706 20.016490 20.927220 18.209107
-1.018921 2.463986 2.439831 2.844814 -4.558573 -4.909926 -4.941858 0.573527 0.072317 0.147360 -2.678961 -1.905718 -1.272688
7.653659 5.552987 0.858617 -2.469118 5.248072 0.252296 -2.366369 -1.380636 -7.891792 -14.380734 -1.237066 -8.743401 -15.389202
19.238168 19.646239 18.368819 18.516526 19.201942 19.631333 21.743241 20.436096 24.311422 20.996176 20.158832 20.949262 18.211693
-1.029039 2.464460 2.432401 2.839608 -4.558870 -4.946304 -4.959508 0.574939 0.044800 0.141890 -2.676085 -1.909569 -1.269189
7.678129 5.567528 0.887567 -2.440825 5.281609 0.293583 -2.250479 -1.355195 -7.841640 -14.495454 -1.215214 -8.734142 -15.374305
19.404326 19.812124 18.483055 18.608121 19.367391 19.852256 22.053655 20.600266 24.513002 21.543122 20.304608 20.972392 18.222876
-1.028009 2.468888 2.423541 2.829418 -4.554188 -4.985643 -4.979810 0.585869 0.026332 0.131915 -2.664510 -1.911852 -1.257385
7.692354 5.580824 0.914563 -2.414962 5.297882 0.318549 -2.147153 -1.334564 -7.798434 -14.602265 -1.209101 -8.740302 -15.376504
19.564390 19.978377 18.602352 18.698112 19.527768 20.062276 22.351132 20.765589 24.711451 22.103849 20.456632 20.987923 18.232167
-1.024088 2.472114 2.417219 2.819366 -4.550434 -5.026787 -5.002452 0.593380 0.009577 0.126220 -2.656247 -1.916196 -1.251057
7.693367 5.581418 0.930330 -2.400237 5.297724 0.328132 -2.060701 -1.331876 -7.777939 -14.711679 -1.210157 -8.751609 -15.384485
19.742074 20.147640 18.721505 18.793930 19.689334 20.274012 22.642865 20.932684 24.904077 22.665214 20.614446 20.997307 18.236105
-1.023395 2.469158 2.407686 2.808893 -4.553207 -5.062388 -5.021904 0.586357 -0.012664 0.116960 -2.661412 -1.927593 -1.255470
7.698182 5.585386 0.947860 -2.383201 5.302171 0.342419 -1.968857 -1.338823 -7.774297 -14.815097 -1.192059 -8.740133 -15.369301
19.926661 20.317816 18.848441 18.900527 19.856435 20.494554 22.938924 21.101037 25.087309 23.212958 20.774514 21.010795 18.242389
-1.030107 2.467652 2.393871 2.794680 -4.554910 -5.095465 -5.037543 0.578124 -0.033372 0.102210 -2.667564 -1.938815 -1.263351
7.703563 5.591687 0.964767 -2.366659 5.306141 0.356413 -1.871738 -1.349128 -7.778187 -14.906702 -1.173479 -8.725185 -15.350123
20.100168 20.482149 18.980265 19.004839 20.025219 20.713400 23.233434 21.266538 25.261258 23.755023 20.933638 21.025336 18.247632
-1.032687 2.476664 2.385325 2.784947 -4.546085 -5.122134 -5.048298 0.583685 -0.050155 0.078520 -2.661146 -1.941800 -1.267876
7.712895 5.596935 0.982698 -2.348960 5.317893 0.379498 -1.766966 -1.343051 -7.775103 -14.970300 -1.168732 -8.721722 -15.344934
20.276393 20.645370 19.105902 19.104469 20.187290 20.926225 23.515785 21.429964 25.416374 24.269451 21.088135 21.036833 18.254643
-1.015420 2.488339 2.377757 2.775799 -4.533967 -5.146502 -5.059463 0.600073 -0.058809 0.048244 -2.644562 -1.936258 -1.267076
7.723069 5.604326 1.002992 -2.328771 5.330096 0.404014 -1.671709 -1.324702 -7.765404 -15.007153 -1.175038 -8.726590 -15.350762
20.450661 20.813607 19.237222 19.213464 20.345936 21.135946 23.782147 21.595693 25.564035 24.758757 21.240579 21.040298 18.259248
-1.010822 2.493770 2.367574 2.765916 -4.527634 -5.174960 -5.071032 0.607184 -0.066464 0.022845 -2.636568 -1.932002 -1.259473
7.725319 5.605165 1.015749 -2.315738 5.332914 0.418341 -1.588085 -1.318988 -7.762760 -15.034099 -1.178958 -8.725191 -15.349977
20.613577 20.988303 19.378701 19.332169 20.506154 21.338942 24.037467 21.764990 25.725865 25.254165 21.398071 21.043538 18.264759
-1.026041 2.494206 2.357199 2.755801 -4.525217 -5.208436 -5.084118 0.595482 -0.087355 0.004602 -2.645797 -1.935635 -1.249651
7.728587 5.607850 1.030722 -2.300362 5.335917 0.433799 -1.495195 -1.328316 -7.771038 -15.056043 -1.161710 -8.699087 -15.322285
20.783079 21.171561 19.528205 19.460053 20.661207 21.537595 24.291158 21.934490 25.895498 25.743524 21.556981 21.055623 18.276348
-1.022430 2.496524 2.347387 2.739930 -4.521152 -5.244396 -5.099894 0.591107 -0.102329 -0.014916 -2.647588 -1.940969 -1.247316
7.726013 5.612424 1.043247 -2.287980 5.327043 0.441305 -1.412994 -1.340926 -7.788262 -15.073726 -1.153163 -8.680050 -15.299839
20.963592 21.348788 19.684497 19.592375 20.822021 21.755876 24.559316 22.108567 26.060214 26.191483 21.718995 21.075240 18.289754
-1.012655 2.504335 2.340611 2.723890 -4.512751 -5.269265 -5.108817 0.602072 -0.101259 -0.042386 -2.635327 -1.943869 -1.249935
7.713140 5.604375 1.042886 -2.288729 5.311080 0.440926 -1.344794 -1.348733 -7.804827 -15.082166 -1.169073 -8.683248 -15.301258
21.144083 21.521172 19.837277 19.722877 20.990897 21.978261 24.825021 22.287739 26.223307 26.597111 21.883840 21.092136 18.302494
-1.016860 2.517934 2.342429 2.720407 -4.497162 -5.269060 -5.102999 0.617098 -0.098901 -0.071279 -2.619600 -1.939378 -1.249913
7.705031 5.596746 1.046239 -2.285420 5.303579 0.444994 -1.272564 -1.348307 -7.810408 -15.073796 -1.185131 -8.682470 -15.297402
21.322107 21.708530 19.996347 19.866621 21.152482 22.183950 25.072030 22.466167 26.389574 26.977173 22.049850 21.103830 18.305794
-1.021565 2.534344 2.344853 2.722312 -4.479006 -5.258435 -5.091108 0.628267 -0.100126 -0.097618 -2.607009 -1.931730 -1.250386
7.710214 5.602409 1.059234 -2.271811 5.307791 0.461606 -1.191878 -1.336986 -7.807069 -15.053305 -1.185994 -8.662854 -15.272052
21.500093 21.893130 20.163060 20.017085 21.316230 22.399089 25.324251 22.650351 26.558289 27.329592 22.218665 21.119436 18.305903
-1.021678 2.542975 2.337716 2.712829 -4.470909 -5.265217 -5.092548 0.626386 -0.106914 -0.125513 -2.605206 -1.935254 -1.256190
7.704846 5.594381 1.054621 -2.275841 5.304204 0.472273 -1.123816 -1.344230 -7.817890 -15.046911 -1.184935 -8.638286 -15.247431
21.676285 22.065600 20.328380 20.164172 21.492940 22.627452 25.584016 22.844416 26.745507 27.664070 22.388785 21.137197 18.322989
-1.012930 2.551784 2.336719 2.706369 -4.462381 -5.283043 -5.100391 0.631286 -0.111599 -0.148183 -2.597561 -1.937665 -1.259434
7.689040 5.573831 1.033844 -2.296270 5.293302 0.475558 -1.067246 -1.361946 -7.829700 -15.044505 -1.196668 -8.620944 -15.239974
21.850654 22.242502 20.507063 20.324441 21.668486 22.843842 25.827963 23.035848 26.944915 27.968678 22.563204 21.144608 18.353526
-1.005709 2.562498 2.337920 2.702718 -4.450862 -5.297925 -5.107658 0.635187 -0.116920 -0.161228 -2.592546 -1.933655 -1.255754
7.667695 5.548933 1.006850 -2.322740 5.274678 0.468602 -1.024191 -1.387977 -7.846502 -15.051810 -1.214418 -8.604510 -15.228852
22.033295 22.425612 20.696875 20.495874 21.838874 23.042920 26.051898 23.218213 27.140751 28.229064 22.740948 21.153449 18.374916
-1.007001 2.568746 2.325186 2.686316 -4.442784 -5.299555 -5.109028 0.626763 -0.127379 -0.173091 -2.597852 -1.932325 -1.251665
7.647899 5.534131 0.994020 -2.335352 5.249201 0.451952 -0.989383 -1.420027 -7.876212 -15.076542 -1.218401 -8.576640 -15.189876
22.215011 22.611167 20.879819 20.668832 22.007875 23.239925 26.273872 23.407535 27.333533 28.454252 22.920331 21.193733 18.389538
-1.004440 2.579071 2.320129 2.677051 -4.432120 -5.298255 -5.102922 0.638091 -0.123818 -0.183913 -2.584731 -1.926219 -1.252531
7.639191 5.529822 0.989179 -2.339873 5.236821 0.451613 -0.940514 -1.431167 -7.895088 -15.095820 -1.222136 -8.556638 -15.141972
22.390267 22.790751 21.063034 20.840174 22.187377 23.459069 26.515604 23.604575 27.516317 28.633774 23.108700 21.281356 18.410606
-0.997828 2.595935 2.339684 2.685624 -4.415985 -5.294205 -5.097583 0.663652 -0.108850 -0.185792 -2.560457 -1.916977 -1.254819
7.630701 5.514677 0.964460 -2.364281 5.234983 0.461969 -0.893044 -1.430537 -7.911961 -15.117370 -1.240859 -8.560115 -15.100683
22.576800 22.972553 21.269806 21.025971 22.371347 23.680039 26.753125 23.798782 27.679362 28.765187 23.303500 21.410835 18.436913
-0.986942 2.617919 2.361388 2.694701 -4.392515 -5.279920 -5.092021 0.684935 -0.099164 -0.177150 -2.539860 -1.907295 -1.250611
7.617156 5.497622 0.937636 -2.391538 5.223814 0.456321 -0.866115 -1.431230 -7.937361 -15.150332 -1.267926 -8.577973 -15.060065
22.767415 23.165839 21.489471 21.234220 22.544914 23.867456 26.955245 23.995145 27.831806 28.866126 23.494953 21.563420 18.462944
-0.967625 2.639582 2.371276 2.698125 -4.370271 -5.268165 -5.084010 0.703381 -0.092771 -0.176361 -2.521122 -1.895991 -1.245308
7.605690 5.486738 0.918731 -2.410605 5.209575 0.445077 -0.845925 -1.430534 -7.960206 -15.184304 -1.291842 -8.592998 -15.012845
22.952997 23.354110 21.701592 21.440180 22.728133 24.054383 27.155670 24.198392 27.992340 28.945376 23.688971 21.721719 18.493118
-0.952082 2.653121 2.377771 2.697936 -4.358019 -5.259683 -5.080627 0.702400 -0.097850 -0.198914 -2.520142 -1.893940 -1.249504
7.593250 5.471283 0.892695 -2.436625 5.198246 0.435850 -0.827732 -1.445069 -7.990881 -15.228607 -1.304049 -8.593697 -14.952249
23.140169 23.533864 21.912073 21.642302 22.920609 24.251844 27.364702 24.408391 28.173555 29.014960 23.887336 21.878191 18.529281
-0.943041 2.666310 2.387061 2.697827 -4.344579 -5.250054 -5.078212 0.694496 -0.102789 -0.224988 -2.525622 -1.898643 -1.257205
7.580582 5.458574 0.870132 -2.460105 5.184585 0.424008 -0.815447 -1.469942 -8.026969 -15.278907 -1.309377 -8.581476 -14.880905
23.326790 23.720180 22.127160 21.857724 23.104488 24.439635 27.562582 24.619501 28.365733 29.070940 24.089198 22.017674 18.558274
-0.943258 2.687615 2.399653 2.705272 -4.321550 -5.232456 -5.063294 0.699913 -0.099787 -0.244710 -2.519116 -1.895991 -1.259264
7.575686 5.456630 0.860973 -2.470258 5.176201 0.417038 -0.808002 -1.478172 -8.041529 -15.306614 -1.311724 -8.560073 -14.814806
23.519340 23.918971 22.348461 22.085502 23.286768 24.623261 27.752038 24.829368 28.563981 29.112062 24.294283 22.140007 18.599586
-0.939265 2.716999 2.418624 2.721971 -4.291333 -5.203612 -5.037689 0.724148 -0.092477 -0.258194 -2.495552 -1.880777 -1.259505
7.577003 5.457672 0.851867 -2.479797 5.176664 0.416413 -0.803142 -1.464751 -8.030111 -15.305309 -1.319357 -8.540124 -14.760061
23.717907 24.117643 22.579130 22.319046 23.476529 24.808205 27.939297 25.040944 28.768367 29.151637 24.503772 22.256481 18.652580
-0.911879 2.744995 2.435827 2.734067 -4.263681 -5.168114 -5.010718 0.755909 -0.077948 -0.258191 -2.466254 -1.864372 -1.268120
7.576886 5.453865 0.833738 -2.498684 5.176863 0.413161 -0.807058 -1.451351 -8.016250 -15.297644 -1.332057 -8.521542 -14.694106
23.907337 24.311550 22.818788 22.562543 23.672460 24.997128 28.128402 25.255974 28.980394 29.207702 24.727202 22.378415 18.689835
-0.886419 2.761273 2.445334 2.736881 -4.248783 -5.138972 -4.992671 0.763981 -0.070992 -0.248303 -2.460127 -1.861227 -1.280299
7.579254 5.454898 0.821964 -2.512265 5.177232 0.407158 -0.824712 -1.451178 -8.011160 -15.295702 -1.325022 -8.497455 -14.602152
24.097374 24.498655 23.047588 22.807653 23.875175 25.186493 28.313740 25.467973 29.200798 29.283608 24.952824 22.551723 18.749503
-0.871630 2.775480 2.461861 2.748260 -4.235758 -5.111210 -4.974943 0.768225 -0.057498 -0.234319 -2.458457 -1.860561 -1.290449
7.585738 5.458129 0.814584 -2.521721 5.184154 0.404658 -0.848511 -1.450266 -8.008020 -15.292803 -1.312112 -8.482489 -14.502851
24.289152 24.680275 23.263014 23.046928 24.068576 25.355280 28.474507 25.668898 29.407690 29.348367 25.173317 22.765836 18.829860
-0.858488 2.794809 2.486629 2.769213 -4.217390 -5.072471 -4.947452 0.792678 -0.027457 -0.221700 -2.438072 -1.853201 -1.307524
7.572527 5.435463 0.778558 -2.559581 5.177572 0.385631 -0.888942 -1.456250 -8.012677 -15.294440 -1.334481 -8.513526 -14.416007
24.479031 24.855661 23.481706 23.290342 24.247994 25.501681 28.612697 25.863376 29.605722 29.403120 25.390517 23.005774 18.891816
-0.849354 2.811066 2.502925 2.787287 -4.202925 -5.029290 -4.916350 0.802490 -0.005371 -0.216354 -2.430038 -1.858486 -1.338128
7.581600 5.433420 0.759631 -2.579746 5.194256 0.389585 -0.907479 -1.447917 -8.010295 -15.286692 -1.328336 -8.533183 -14.300843
24.669917 25.030134 23.714751 23.549371 24.435634 25.659506 28.761675 26.057677 29.792256 29.457031 25.596564 23.287615 18.983544
-0.836749 2.823465 2.514751 2.800805 -4.190898 -4.991514 -4.886537 0.793327 0.000994 -0.218386 -2.439397 -1.875019 -1.371547
7.589636 5.434510 0.743544 -2.596948 5.206986 0.391041 -0.940472 -1.450824 -8.024090 -15.293508 -1.313599 -8.556673 -14.183057
24.843896 25.216082 23.963474 23.825880 24.621399 25.817763 28.905584 26.248247 29.966972 29.508403 25.793464 23.605519 19.116420
-0.817036 2.839388 2.535057 2.816405 -4.176295 -4.970298 -4.864529 0.809791 0.016695 -0.215335 -2.425881 -1.881747 -1.401021
7.596234 5.439939 0.732779 -2.609185 5.214088 0.382577 -0.987760 -1.438072 -8.034662 -15.294557 -1.314755 -8.595450 -14.074833
25.014877 25.392761 24.201327 24.092867 24.813204 25.949718 29.020478 26.437898 30.114925 29.529317 26.000429 23.935688 19.265897
-0.790944 2.859830 2.557597 2.839025 -4.159558 -4.949208 -4.842871 0.849562 0.046424 -0.206103 -2.390332 -1.885811 -1.431013
7.606461 5.448294 0.727559 -2.615411 5.223021 0.371510 -1.038024 -1.409913 -8.038160 -15.285403 -1.323524 -8.641535 -13.969332
25.193781 25.552221 24.415206 24.344498 25.019158 26.070299 29.123247 26.630003 30.247438 29.528721 26.215530 24.276477 19.431951
-0.767068 2.880736 2.587401 2.871237 -4.141749 -4.899217 -4.805152 0.883502 0.068994 -0.195857 -2.358739 -1.897483 -1.471100
7.618314 5.448262 0.714303 -2.629158 5.240995 0.373754 -1.090361 -1.382579 -8.043525 -15.278299 -1.327107 -8.684243 -13.865102
25.380581 25.718365 24.635275 24.616613 25.219920 26.220825 29.248382 26.824453 30.378732 29.547617 26.423248 24.626712 19.622855
-0.756964 2.896328 2.615379 2.902953 -4.127563 -4.841904 -4.766782 0.903261 0.079082 -0.195662 -2.339905 -1.913764 -1.520903
7.638329 5.452852 0.706119 -2.636857 5.271346 0.394073 -1.134842 -1.359002 -8.052753 -15.275727 -1.311033 -8.709609 -13.749284
25.571532 25.895478 24.866364 24.904648 25.406895 26.390523 29.386413 27.013842 30.503676 29.578465 26.619204 24.992173 19.843482
-0.748068 2.909155 2.629094 2.924933 -4.114497 -4.810264 -4.746992 0.924246 0.087840 -0.203969 -2.319271 -1.928354 -1.577447
7.659759 5.473501 0.719001 -2.621913 5.290860 0.404820 -1.184460 -1.337328 -8.071015 -15.279347 -1.290696 -8.729386 -13.629355
25.755452 26.076437 25.083567 25.185653 25.584849 26.537803 29.502389 27.199412 30.608576 29.580160 26.807507 25.365005 20.080228
-0.734956 2.926432 2.650087 2.951658 -4.097015 -4.782632 -4.725971 0.954320 0.096570 -0.208042 -2.289149 -1.939640 -1.637147
7.677865 5.492873 0.730352 -2.607356 5.305266 0.409417 -1.237346 -1.313601 -8.091098 -15.284123 -1.280042 -8.756346 -13.515722
25.934542 26.252358 25.297624 25.466170 25.759714 26.668667 29.601847 27.380373 30.696140 29.568998 26.986736 25.741555 20.326897
-0.722194 2.939863 2.674082 2.979773 -4.083794 -4.747991 -4.699668 0.969305 0.100999 -0.209590 -2.274357 -1.949915 -1.684160
7.703846 5.515423 0.743219 -2.589976 5.332315 0.426081 -1.278715 -1.293108 -8.107856 -15.290591 -1.256824 -8.768691 -13.391095
26.107159 26.424938 25.516686 25.753353 25.933592 26.801525 29.701511 27.542412 30.778115 29.588697 27.150621 26.133596 20.599659
-0.705041 2.954855 2.697806 3.005629 -4.068864 -4.709188 -4.668422 0.983946 0.109148 -0.210724 -2.260251 -1.954509 -1.715866
7.736617 5.548454 0.770173 -2.556391 5.365824 0.449711 -1.316541 -1.255604 -8.107504 -15.279288 -1.233861 -8.774962 -13.265363
26.280451 26.606774 25.728454 26.042877 26.116134 26.945244 29.808332 27.707584 30.862059 29.610643 27.319156 26.540654 20.897868
-0.687277 2.978001 2.731623 3.035534 -4.044567 -4.662701 -4.629186 1.017401 0.120805 -0.211653 -2.226449 -1.958987 -1.745091
7.772632 5.590512 0.807717 -2.509959 5.399155 0.474441 -1.359301 -1.197338 -8.098264 -15.255637 -1.217347 -8.781069 -13.140537
26.459312 26.800743 25.944204 26.344601 26.297127 27.091299 29.911733 27.892837 30.932222 29.603936 27.501426 26.966333 21.220814
-0.678512 2.993303 2.761604 3.061359 -4.026753 -4.620940 -4.599044 1.042681 0.123380 -0.216406 -2.200184 -1.966021 -1.770827
7.779475 5.605420 0.817545 -2.488157 5.398035 0.465031 -1.442915 -1.183704 -8.129164 -15.275694 -1.220229 -8.797468 -13.026527
26.628733 26.983352 26.151450 26.643512 26.451841 27.212115 29.983008 28.063904 30.993066 29.609407 27.665586 27.351944 21.509115
-0.662581 3.007471 2.789675 3.089102 -4.009935 -4.573976 -4.565281 1.072019 0.135935 -0.215623 -2.170011 -1.965971 -1.781418
7.802518 5.636563 0.843152 -2.447682 5.410608 0.468266 -1.513352 -1.145903 -8.135769 -15.271148 -1.216017 -8.800152 -12.918377
26.798873 27.163380 26.360096 26.943540 26.605114 27.326721 30.045489 28.232340 31.048372 29.611142 27.831729 27.748043 21.826231
-0.637456 3.023084 2.817186 3.116574 -3.988605 -4.531663 -4.532348 1.102641 0.156326 -0.212185 -2.138579 -1.960547 -1.777895
7.830908 5.682854 0.885841 -2.385103 5.419786 0.470007 -1.579058 -1.095278 -8.126454 -15.248409 -1.209213 -8.793170 -12.822005
26.968913 27.360125 26.575421 27.261674 26.748802 27.434639 30.102956 28.397823 31.105512 29.607242 28.000744 28.140888 22.157844
-0.627268 3.029410 2.844627 3.143161 -3.978239 -4.507834 -4.518062 1.114567 0.169969 -0.213486 -2.127281 -1.960554 -1.774560
7.856128 5.713539 0.913657 -2.332376 5.437314 0.481298 -1.634590 -1.072459 -8.143737 -15.254123 -1.183027 -8.760127 -12.717787
27.141474 27.546389 26.774067 27.570181 26.895800 27.546210 30.161835 28.557872 31.159654 29.611031 28.164983 28.522068 22.491809
-0.624011 3.037738 2.885405 3.182314 -3.972663 -4.477696 -4.503206 1.138384 0.193321 -0.214883 -2.104814 -1.963102 -1.771903
7.880464 5.722901 0.915223 -2.308566 5.472724 0.509620 -1.676056 -1.047366 -8.159025 -15.256345 -1.159976 -8.725201 -12.622501
27.323669 27.703116 26.973376 27.855803 27.071934 27.686862 30.244352 28.722238 31.211352 29.610018 28.341257 28.902543 22.833261
-0.619221 3.049903 2.925929 3.216017 -3.961785 -4.439034 -4.482324 1.167161 0.222754 -0.211826 -2.077418 -1.961016 -1.753699
7.899238 5.735453 0.919474 -2.282857 5.497152 0.527980 -1.730276 -1.015969 -8.163803 -15.249589 -1.149020 -8.695463 -12.558840
27.499712 27.865506 27.186924 28.146390 27.244101 27.831603 30.324993 28.873857 31.257361 29.612481 28.511687 29.289758 23.199353
-0.612050 3.061121 2.951930 3.235444 -3.950498 -4.401676 -4.460587 1.188831 0.244682 -0.206829 -2.056436 -1.958658 -1.745024
7.920170 5.759864 0.941081 -2.228743 5.517023 0.541058 -1.789287 -0.979721 -8.160896 -15.237284 -1.137205 -8.656974 -12.510566
27.666489 28.034116 27.373133 28.436846 27.413684 27.963061 30.388880 29.022211 31.303402 29.623009 28.676373 29.681987 23.585605
-0.601297 3.073272 2.969964 3.252801 -3.938717 -4.364639 -4.434036 1.212983 0.260820 -0.210826 -2.032298 -1.960490 -1.761279
7.941124 5.782026 0.962654 -2.165483 5.535613 0.551260 -1.849692 -0.946731 -8.161733 -15.225183 -1.126200 -8.614856 -12.468459
27.845192 28.200384 27.542757 28.723606 27.585573 28.075894 30.431567 29.186599 31.354929 29.626322 28.851771 30.069402 23.972538
-0.595511 3.080275 2.998615 3.271010 -3.930043 -4.332938 -4.412150 1.220710 0.269524 -0.221971 -2.026184 -1.958973 -1.767173
7.957760 5.805096 0.980937 -2.108786 5.543249 0.551877 -1.917519 -0.936620 -8.182064 -15.231220 -1.104181 -8.557563 -12.437310
28.026770 28.371623 27.746872 29.027131 27.744261 28.179549 30.463054 29.345880 31.410655 29.630011 29.020662 30.438519 24.358020
-0.585550 3.082783 3.031300 3.289695 -3.924204 -4.301778 -4.396716 1.224892 0.281231 -0.223446 -2.024628 -1.951842 -1.757833
7.981116 5.847135 1.015998 -2.035717 5.547459 0.550371 -1.988498 -0.924225 -8.195274 -15.230221 -1.072599 -8.486047 -12.419831
28.195313 28.546206 27.974410 29.345511 27.898880 28.288952 30.494334 29.492026 31.468355 29.635960 29.184182 30.797638 24.752028
-0.578901 3.084668 3.056575 3.308100 -3.919889 -4.269680 -4.379487 1.239356 0.292486 -0.215635 -2.012544 -1.947005 -1.754091
8.005835 5.887572 1.051570 -1.954633 5.556855 0.553914 -2.058308 -0.905198 -8.199160 -15.216382 -1.041391 -8.414367 -12.414379
28.361112 28.718454 28.187625 29.657023 28.060036 28.397428 30.514695 29.650059 31.538465 29.640240 29.362382 31.151985 25.149954
-0.579786 3.088549 3.089949 3.328881 -3.916782 -4.242136 -4.361057 1.256228 0.295657 -0.214454 -1.997564 -1.940540 -1.761205
8.015278 5.900809 1.060914 -1.894611 5.562594 0.554310 -2.125241 -0.895978 -8.211889 -15.210453 -1.026363 -8.355713 -12.437644
28.529243 28.877319 28.382444 29.953250 28.231061 28.508257 30.539130 29.816485 31.610716 29.645329 29.548155 31.509054 25.562006
-0.571413 3.092082 3.117406 3.338194 -3.914800 -4.210344 -4.347361 1.266762 0.299924 -0.224277 -1.989019 -1.923804 -1.771830
8.011063 5.898744 1.055486 -1.847666 5.554828 0.541626 -2.194999 -0.901838 -8.238709 -15.219311 -1.028166 -8.305451 -12.495423
28.696702 29.028006 28.567900 30.236016 28.401880 28.616499 30.568599 29.969006 31.671964 29.647298 29.723859 31.869696 25.997496
-0.567085 3.102045 3.151953 3.352651 -3.905058 -4.164678 -4.322968 1.283199 0.316222 -0.233279 -1.974647 -1.901182 -1.783279
8.010750 5.901543 1.055230 -1.792662 5.550886 0.533339 -2.257363 -0.902476 -8.258552 -15.216638 -1.029100 -8.254798 -12.563985
28.863502 29.184326 28.759774 30.522976 28.564445 28.714158 30.586460 30.116424 31.734333 29.640069 29.900625 32.213987 26.427909
-0.568597 3.114661 3.194215 3.376064 -3.892466 -4.124761 -4.292484 1.303076 0.333975 -0.231960 -1.956328 -1.876610 -1.798096
8.023926 5.923841 1.074690 -1.712851 5.556151 0.535714 -2.309798 -0.885643 -8.257331 -15.192522 -1.016555 -8.194102 -12.632419
29.032053 29.343918 28.958054 30.817139 28.734264 28.817055 30.604096 30.268665 31.812552 29.647905 30.080761 32.539261 26.850952
-0.567653 3.112833 3.223034 3.386709 -3.896564 -4.104050 -4.278322 1.302084 0.340243 -0.227407 -1.959323 -1.847034 -1.811072
8.032764 5.942189 1.090857 -1.631556 5.554941 0.532754 -2.368077 -0.887244 -8.270934 -15.188211 -0.997722 -8.120330 -12.711010
29.204003 29.490429 29.141258 31.096080 28.920253 28.933946 30.629053 30.410282 31.900414 29.679623 30.245407 32.857608 27.291096
-0.565344 3.112698 3.262047 3.402842 -3.897923 -4.085632 -4.260261 1.307156 0.350542 -0.227387 -1.955847 -1.819505 -1.822031
8.028814 5.942508 1.090197 -1.564020 5.544793 0.522181 -2.431112 -0.900392 -8.295685 -15.192948 -0.999095 -8.062325 -12.814650
29.377704 29.640718 29.320940 31.369101 29.093246 29.032166 30.634086 30.543408 31.978351 29.698742 30.404726 33.172387 27.743107
-0.559784 3.123649 3.304472 3.422825 -3.885939 -4.055514 -4.229973 1.327939 0.366725 -0.227356 -1.935665 -1.795104 -1.833257
8.018420 5.939883 1.087201 -1.494284 5.526517 0.504809 -2.495740 -0.905638 -8.313947 -15.188794 -1.018552 -8.022909 -12.938619
29.552583 29.804990 29.507897 31.648359 29.255887 29.116954 30.628525 30.684366 32.047286 29.704981 30.573458 33.486700 28.205031
-0.552890 3.130170 3.334328 3.433873 -3.880158 -4.019088 -4.203492 1.346021 0.380366 -0.231441 -1.917714 -1.762745 -1.843773
7.996935 5.922351 1.068654 -1.436607 5.501627 0.480823 -2.565168 -0.917678 -8.341556 -15.195197 -1.047674 -7.992724 -13.073296
29.722444 29.960408 29.696915 31.927029 29.426557 29.232050 30.648566 30.834930 32.106961 29.707763 30.749508 33.800739 28.677955
-0.544191 3.135379 3.362906 3.444820 -3.875631 -3.987348 -4.181958 1.370425 0.393912 -0.239688 -1.892913 -1.729539 -1.859631
7.973717 5.899694 1.045041 -1.385131 5.476864 0.457739 -2.630146 -0.924519 -8.365486 -15.191162 -1.077536 -7.974863 -13.213651
29.899021 30.122082 29.898332 32.210734 29.598960 29.350953 30.672193 31.009649 32.168508 29.696354 30.951508 34.108713 29.148888
-0.538890 3.146964 3.392355 3.457416 -3.863016 -3.955907 -4.163798 1.398192 0.412178 -0.244308 -1.864780 -1.698040 -1.879028
7.953222 5.887837 1.032869 -1.322335 5.448394 0.433142 -2.691590 -0.931417 -8.386257 -15.182018 -1.100619 -7.957403 -13.359959
30.076903 30.298671 30.102316 32.491549 29.775434 29.452594 30.681988 31.176848 32.234042 29.686590 31.153422 34.397564 29.618305
-0.542724 3.150833 3.424861 3.467977 -3.858410 -3.923390 -4.147320 1.395826 0.419703 -0.246751 -1.868482 -1.660913 -1.891010
7.943246 5.889271 1.035017 -1.243624 5.428304 0.417202 -2.742294 -0.957624 -8.422520 -15.197891 -1.100615 -7.906666 -13.500900
30.243889 30.467324 30.292333 32.755173 29.952808 29.565198 30.699227 31.306280 32.299769 29.701107 31.310142 34.657132 30.105947
-0.547685 3.148363 3.466573 3.479797 -3.861065 -3.897710 -4.126709 1.381716 0.418637 -0.249520 -1.883899 -1.625450 -1.903909
7.946120 5.896648 1.044214 -1.159401 5.424877 0.418749 -2.773719 -0.977799 -8.452730 -15.206230 -1.084528 -7.840839 -13.636469
30.417565 30.627350 30.478657 33.009181 30.125301 29.674816 30.711297 31.443321 32.371980 29.717427 31.466413 34.909263 30.620344
-0.538296 3.151943 3.505833 3.491925 -3.856837 -3.875713 -4.105168 1.382870 0.427909 -0.252639 -1.882763 -1.594299 -1.919554
7.950946 5.907080 1.056282 -1.074875 5.422528 0.423700 -2.798974 -0.978083 -8.464009 -15.190373 -1.077077 -7.797079 -13.782276
30.590285 30.793554 30.675186 33.267024 30.294630 29.768359 30.706604 31.601483 32.446164 29.726654 31.646255 35.157111 31.140481
-0.524844 3.158275 3.538891 3.503620 -3.852051 -3.846153 -4.082596 1.394845 0.444256 -0.253029 -1.869946 -1.561967 -1.922272
7.947807 5.907052 1.057809 -0.992832 5.416896 0.426434 -2.822951 -0.972772 -8.470258 -15.176516 -1.084015 -7.779786 -13.935842
30.762136 30.956042 30.858806 33.514607 30.485096 29.884378 30.723529 31.765884 32.506558 29.742005 31.836093 35.391308 31.644997
-0.520215 3.162661 3.570819 3.515210 -3.850184 -3.812732 -4.055099 1.408412 0.456752 -0.251021 -1.855348 -1.526133 -1.921708
7.941103 5.900529 1.053294 -0.910587 5.410496 0.428709 -2.844061 -0.970843 -8.479887 -15.176739 -1.092848 -7.767284 -14.084832
30.947575 31.119075 31.034130 33.754374 30.687135 30.019305 30.760127 31.932344 32.543183 29.758567 32.027984 35.621209 32.158001
-0.509908 3.170230 3.606014 3.528256 -3.842713 -3.785513 -4.027651 1.432664 0.471694 -0.249809 -1.829053 -1.487744 -1.936548
7.946027 5.912204 1.067043 -0.819760 5.407292 0.434778 -2.858869 -0.952513 -8.470462 -15.165623 -1.105158 -7.748507 -14.229841
31.130049 31.283894 31.220661 33.994390 30.871100 30.138689 30.780440 32.087611 32.558255 29.773098 32.206204 35.855473 32.716591
-0.503248 3.178330 3.636771 3.536766 -3.834185 -3.764329 -4.003741 1.453136 0.486630 -0.252454 -1.806302 -1.453477 -1.952359
7.959207 5.934366 1.091001 -0.726027 5.411467 0.449312 -2.862343 -0.927567 -8.452578 -15.147568 -1.109154 -7.720941 -14.357638
31.306796 31.445174 31.411406 34.230635 31.047802 30.249219 30.791626 32.238216 32.561639 29.780682 32.376975 36.082046 33.295102
-0.509069 3.183383 3.658995 3.540830 -3.828312 -3.739012 -3.977795 1.454406 0.496675 -0.257136 -1.804587 -1.427003 -1.956123
7.968983 5.954240 1.112431 -0.631450 5.415762 0.464270 -2.862091 -0.921480 -8.452553 -15.145340 -1.093966 -7.690852 -14.465111
31.479781 31.620437 31.607243 34.471604 31.229442 30.369002 30.812725 32.395771 32.569585 29.787280 32.555062 36.284172 33.857005
-0.510949 3.187212 3.685269 3.546703 -3.825377 -3.708218 -3.948991 1.460255 0.512205 -0.257654 -1.797445 -1.404568 -1.955482
7.975788 5.963407 1.123838 -0.544042 5.425180 0.483668 -2.854128 -0.916198 -8.450413 -15.139530 -1.083906 -7.680692 -14.571410
31.642844 31.795415 31.794171 34.702542 31.420432 30.507559 30.853576 32.556384 32.592649 29.805915 32.744603 36.472311 34.404415
-0.510586 3.184712 3.709472 3.550480 -3.830511 -3.684891 -3.922163 1.458080 0.522718 -0.255824 -1.798888 -1.390346 -1.947424
7.979937 5.960154 1.123429 -0.474329 5.437102 0.506631 -2.839844 -0.921977 -8.457335 -15.139902 -1.078154 -7.678202 -14.668459
31.812417 31.959178 31.973650 34.920095 31.613104 30.646226 30.898006 32.716577 32.627127 29.827123 32.926170 36.646414 34.947103
-0.509764 3.182781 3.727993 3.555103 -3.833934 -3.675263 -3.901322 1.458203 0.530745 -0.254706 -1.798153 -1.381414 -1.922932
7.973632 5.950907 1.116499 -0.417335 5.431748 0.515756 -2.837126 -0.937504 -8.471409 -15.143481 -1.084145 -7.688132 -14.759181
31.997320 32.128004 32.155145 35.134593 31.807236 30.771162 30.931345 32.872468 32.661233 29.838224 33.097880 36.810214 35.480279
-0.504666 3.184543 3.748757 3.561162 -3.832198 -3.667808 -3.885242 1.467558 0.542353 -0.248649 -1.787009 -1.366530 -1.884234
7.974548 5.957036 1.124823 -0.345642 5.427427 0.526186 -2.830338 -0.932849 -8.462420 -15.122927 -1.085375 -7.696956 -14.827089
32.180918 32.303005 32.332541 35.342888 32.000400 30.897486 30.968546 33.035482 32.697742 29.849090 33.281836 36.980206 36.003027
-0.503939 3.180770 3.770874 3.564932 -3.834999 -3.650912 -3.867224 1.455453 0.545511 -0.240633 -1.798511 -1.346510 -1.838932
7.982688 5.974880 1.145819 -0.265066 5.428023 0.541060 -2.816258 -0.930830 -8.454536 -15.107048 -1.068572 -7.687008 -14.857088
32.359122 32.482370 32.520245 35.557783 32.188018 31.026422 31.012213 33.213833 32.733856 29.865248 33.476340 37.158697 36.519041
-0.501872 3.176594 3.789961 3.565653 -3.838309 -3.626998 -3.842574 1.447318 0.552145 -0.238261 -1.805216 -1.321792 -1.781589
7.975802 5.975686 1.149658 -0.206900 5.414950 0.543910 -2.812066 -0.942738 -8.456893 -15.108699 -1.072083 -7.691411 -14.885026
32.544047 32.662460 32.714636 35.775532 32.373641 31.151384 31.053722 33.386943 32.753969 29.884894 33.670590 37.347349 37.027689
-0.492151 3.180291 3.806805 3.570965 -3.834479 -3.594046 -3.804428 1.462431 0.566871 -0.238827 -1.787519 -1.303627 -1.712134
7.966825 5.966561 1.142220 -0.163331 5.405707 0.550751 -2.802486 -0.948508 -8.447544 -15.102775 -1.089484 -7.702523 -14.906265
32.718337 32.841271 32.893250 35.975386 32.549453 31.269922 31.096365 33.548762 32.756963 29.900111 33.855547 37.543542 37.513085
-0.485939 3.187478 3.827274 3.585675 -3.827100 -3.564932 -3.764297 1.478710 0.579729 -0.239334 -1.769695 -1.304757 -1.638470
7.973251 5.970823 1.148209 -0.113347 5.414862 0.575543 -2.774099 -0.942132 -8.419856 -15.081749 -1.087824 -7.688872 -14.893378
32.879488 33.029093 33.079486 36.179447 32.723643 31.390282 31.147930 33.713777 32.744241 29.906783 34.034401 37.746240 37.959367
-0.485507 3.189450 3.841659 3.595745 -3.824201 -3.550215 -3.736734 1.489097 0.590416 -0.241601 -1.758090 -1.310336 -1.561109
7.973470 5.974708 1.153800 -0.071471 5.411944 0.588176 -2.756574 -0.942799 -8.395067 -15.064118 -1.087744 -7.671262 -14.869984
33.057759 33.220388 33.274769 36.388912 32.906208 31.519918 31.209379 33.885602 32.736430 29.919630 34.218669 37.963606 38.384575
-0.485498 3.185334 3.848901 3.596442 -3.827704 -3.533084 -3.709519 1.492415 0.596445 -0.244932 -1.753617 -1.312865 -1.485548
7.973931 5.982047 1.162663 -0.035011 5.405071 0.599820 -2.739058 -0.942872 -8.367064 -15.039343 -1.086721 -7.656515 -14.845424
33.246856 33.402322 33.454425 36.578763 33.100491 31.655371 31.282080 34.070711 32.750436 29.944078 34.415309 38.185095 38.777938
-0.490460 3.178304 3.855114 3.592813 -3.835973 -3.516968 -3.683259 1.490100 0.595662 -0.249376 -1.755062 -1.314151 -1.403834
7.969295 5.979654 1.162150 -0.017081 5.400049 0.614787 -2.717345 -0.948102 -8.340751 -15.007091 -1.091900 -7.649305 -14.827259
33.427255 33.573685 33.629087 36.759624 33.307811 31.802785 31.369395 34.262376 32.774683 29.955343 34.615095 38.406374 39.134809
-0.492122 3.173414 3.855203 3.590359 -3.841375 -3.503254 -3.658011 1.496384 0.602647 -0.247846 -1.746778 -1.313149 -1.314027
7.949700 5.962089 1.145283 -0.010752 5.381029 0.613018 -2.711352 -0.963789 -8.324675 -14.979092 -1.114600 -7.653898 -14.819542
33.603827 33.755219 33.810328 36.949291 33.506606 31.951823 31.458679 34.439717 32.801700 29.955958 34.807581 38.630838 39.476550
-0.491709 3.168163 3.854589 3.590811 -3.845224 -3.489567 -3.634921 1.500837 0.612051 -0.233827 -1.739756 -1.313169 -1.238644
7.930297 5.949347 1.133044 -0.001259 5.356485 0.603011 -2.713020 -0.981169 -8.312827 -14.954462 -1.132467 -7.654830 -14.809781
33.790616 33.954267 33.993404 37.140375 33.694209 32.099345 31.550349 34.615391 32.848654 29.971844 35.005051 38.857914 39.786796
-0.494827 3.163015 3.853231 3.585980 -3.849014 -3.482082 -3.617199 1.491665 0.610417 -0.228501 -1.747416 -1.302986 -1.180707
7.915123 5.942021 1.126127 0.001923 5.334771 0.593510 -2.714644 -0.996160 -8.296621 -14.926909 -1.148272 -7.655093 -14.804012
33.981529 34.149097 34.165163 37.315463 33.885665 32.257349 31.660324 34.799363 32.904321 29.999437 35.201086 39.078134 40.047517
-0.496293 3.160398 3.843876 3.573228 -3.850827 -3.470660 -3.595158 1.481469 0.607291 -0.224874 -1.756784 -1.280061 -1.130339
7.892790 5.925537 1.108667 -0.012634 5.307724 0.579144 -2.724209 -1.012593 -8.284250 -14.893893 -1.178439 -7.674791 -14.821702
34.161341 34.337594 34.326998 37.478042 34.077335 32.415526 31.790270 34.986200 32.980374 30.026905 35.389156 39.279901 40.260174
-0.503940 3.155687 3.836789 3.565552 -3.854932 -3.456313 -3.575479 1.471664 0.603328 -0.222722 -1.766970 -1.261639 -1.089014
7.865456 5.899683 1.082602 -0.046689 5.280269 0.561716 -2.736118 -1.037754 -8.283566 -14.855188 -1.206096 -7.704952 -14.854685
34.338867 34.533929 34.497612 37.645751 34.261421 32.575609 31.920877 35.183640 33.083946 30.045149 35.582476 39.465421 40.421037
-0.515051 3.142357 3.825528 3.558755 -3.866751 -3.458950 -3.554914 1.450441 0.590581 -0.226814 -1.790370 -1.244385 -1.058904
7.842142 5.880074 1.063508 -0.081077 5.255221 0.542448 -2.745919 -1.072814 -8.289598 -14.821114 -1.217031 -7.722745 -14.880723
34.520873 34.739276 34.680498 37.823491 34.441501 32.741775 32.037491 35.388518 33.187797 30.061453 35.779044 39.644965 40.534144
-0.523663 3.125574 3.802574 3.556496 -3.882437 -3.465713 -3.570881 1.431695 0.581333 -0.226029 -1.810380 -1.218229 -1.047109
7.823043 5.864589 1.047478 -0.119316 5.234066 0.532428 -2.751429 -1.101953 -8.296459 -14.773853 -1.225669 -7.736808 -14.907514
34.708935 34.941696 34.860472 37.996980 34.630378 32.902217 32.178474 35.594248 33.318180 30.078675 35.981297 39.831255 40.614440
-0.523243 3.121462 3.788588 3.566580 -3.885940 -3.455380 -3.553629 1.439834 0.588978 -0.217222 -1.800643 -1.184660 -1.041024
7.799055 5.842063 1.024145 -0.172660 5.208222 0.513031 -2.768422 -1.113759 -8.294326 -14.700556 -1.259396 -7.778746 -14.962175
34.903238 35.141679 35.031663 38.158645 34.823463 33.081224 32.345700 35.800005 33.480519 30.102188 36.192767 40.025049 40.687926
-0.518478 3.123468 3.786993 3.564195 -3.882023 -3.436558 -3.513264 1.453588 0.599632 -0.207921 -1.784652 -1.147072 -1.015142
7.751316 5.796819 0.979385 -0.248539 5.157556 0.461869 -2.816920 -1.138810 -8.306345 -14.643070 -1.325839 -7.851401 -15.045301
35.095235 35.351326 35.204506 38.319344 35.003278 33.266130 32.516301 36.010538 33.652206 30.145551 36.404217 40.222369 40.762824
-0.528800 3.113235 3.776290 3.542779 -3.890843 -3.434987 -3.497342 1.436837 0.595628 -0.201725 -1.802534 -1.118586 -0.987305
7.729084 5.773802 0.957919 -0.305172 5.137710 0.444835 -2.830571 -1.158481 -8.317391 -14.581699 -1.346409 -7.882252 -15.085112
35.283012 35.565071 35.372406 38.472361 35.184312 33.442268 32.676495 36.228450 33.839540 30.202848 36.612271 40.404726 40.808796
-0.545102 3.095724 3.752700 3.519266 -3.907956 -3.442686 -3.504624 1.406946 0.586215 -0.192592 -1.834733 -1.098561 -0.964703
7.739984 5.783462 0.968803 -0.341630 5.151005 0.463283 -2.810875 -1.160387 -8.320305 -14.497911 -1.321365 -7.867436 -15.075871
35.474755 35.774037 35.535424 38.615671 35.380117 33.626723 32.855598 36.444149 34.051141 30.265181 36.820669 40.585606 40.872374
-0.556830 3.078616 3.723085 3.501584 -3.923472 -3.445807 -3.511670 1.382002 0.580292 -0.179805 -1.861746 -1.083818 -0.949263
7.738567 5.782870 0.968194 -0.393903 5.147632 0.463498 -2.811736 -1.175658 -8.340824 -14.418558 -1.309503 -7.864156 -15.075547
35.674364 35.988385 35.718119 38.776759 35.571323 33.811684 33.045470 36.663933 34.280199 30.332255 37.033184 40.774722 40.973253
-0.568191 3.059271 3.691626 3.486794 -3.939802 -3.451110 -3.513872 1.353359 0.573424 -0.168060 -1.893285 -1.081788 -0.957177
7.733417 5.780420 0.965832 -0.449413 5.138538 0.452379 -2.824341 -1.199826 -8.375767 -14.331389 -1.295096 -7.863111 -15.076909
35.874816 36.209365 35.910433 38.946018 35.753665 34.002467 33.242371 36.890445 34.532035 30.398801 37.245964 40.956814 41.042154
-0.580669 3.041750 3.663889 3.473940 -3.954733 -3.459537 -3.512678 1.331238 0.571821 -0.155583 -1.916736 -1.080074 -0.966910
7.724559 5.777004 0.963455 -0.512828 5.124071 0.429977 -2.848299 -1.224434 -8.415354 -14.238261 -1.283493 -7.861475 -15.075745
36.076458 36.422814 36.087888 39.095238 35.943633 34.215668 33.461572 37.114145 34.794992 30.474402 37.465350 41.152882 41.096338
-0.592509 3.027468 3.623129 3.458252 -3.967402 -3.470036 -3.517314 1.316865 0.575522 -0.139462 -1.931313 -1.070605 -0.966348
7.692621 5.752591 0.938823 -0.606159 5.085820 0.383194 -2.896933 -1.264962 -8.475932 -14.157686 -1.300629 -7.876242 -15.088011
36.268244 36.623836 36.246593 39.220731 36.140186 34.436209 33.689811 37.331671 35.069627 30.563040 37.684134 41.370359 41.167364
-0.600497 3.017387 3.579239 3.444167 -3.974985 -3.472783 -3.513922 1.309265 0.583324 -0.121297 -1.939844 -1.061881 -0.967817
7.677149 5.743142 0.928428 -0.695111 5.066710 0.352328 -2.931548 -1.281752 -8.517840 -14.045265 -1.309807 -7.882403 -15.088362
36.451769 36.832968 36.417820 39.351338 36.327121 34.657393 33.927289 37.549869 35.364334 30.668172 37.894349 41.581883 41.225513
-0.601785 3.011276 3.552302 3.435144 -3.978157 -3.468136 -3.509307 1.303974 0.600308 -0.097382 -1.946478 -1.057307 -0.963277
7.668229 5.736597 0.921836 -0.789251 5.054039 0.328135 -2.961311 -1.289389 -8.557189 -13.917974 -1.314063 -7.892485 -15.088496
36.650069 37.045150 36.603723 39.487836 36.507893 34.873478 34.168897 37.770083 35.684787 30.798268 38.101920 41.776356 41.256476
-0.610912 3.004667 3.520206 3.420628 -3.982973 -3.469838 -3.518688 1.282929 0.620527 -0.067041 -1.969601 -1.058093 -0.952640
7.665071 5.735051 0.920167 -0.880995 5.050514 0.315296 -2.979404 -1.296527 -8.599768 -13.794913 -1.306933 -7.899945 -15.083154
36.838783 37.246594 36.776910 39.606318 36.688921 35.082681 34.403603 37.982208 36.010302 30.946650 38.293824 41.936501 41.264133
-0.630379 2.991341 3.477326 3.401578 -3.994903 -3.486718 -3.544983 1.241572 0.638604 -0.031378 -2.013493 -1.063722 -0.949187
7.661271 5.730448 0.915317 -0.977590 5.051744 0.302855 -2.997594 -1.317232 -8.660324 -13.693609 -1.290468 -7.897262 -15.066615
37.015680 37.448127 36.950315 39.719939 36.866353 35.299380 34.649593 38.185531 36.347069 31.120213 38.468365 42.076128 41.270556
-0.638940 2.979475 3.440007 3.387706 -4.005611 -3.507542 -3.586903 1.216648 0.667723 0.016167 -2.039919 -1.059011 -0.947003
7.660917 5.728628 0.913684 -1.074682 5.051103 0.288869 -3.018149 -1.326603 -8.711818 -13.593292 -1.280312 -7.908508 -15.062744
37.207739 37.646371 37.123202 39.825667 37.049521 35.520256 34.907140 38.387658 36.707841 31.336663 38.649944 42.209800 41.279177
-0.635804 2.977632 3.405659 3.377608 -4.007254 -3.518088 -3.600638 1.220227 0.706943 0.063762 -2.036841 -1.038540 -0.936133
7.663054 5.730193 0.915085 -1.163737 5.049812 0.277394 -3.038191 -1.314145 -8.737358 -13.467998 -1.287638 -7.943057 -15.080095
37.401587 37.831702 37.283051 39.916938 37.235756 35.735641 35.171135 38.583934 37.068360 31.562888 38.842717 42.346506 41.291093
-0.633976 2.973541 3.364733 3.355987 -4.010829 -3.526275 -3.615133 1.206646 0.742392 0.106006 -2.050182 -1.023339 -0.922680
7.668923 5.735049 0.919188 -1.246887 5.056291 0.269085 -3.053120 -1.309104 -8.768613 -13.343115 -1.278500 -7.957363 -15.076350
37.586086 38.020531 37.451370 40.014121 37.416726 35.962951 35.439840 38.770790 37.427391 31.790744 39.032132 42.482660 41.311514
-0.636256 2.968340 3.324601 3.330406 -4.015152 -3.533456 -3.633890 1.181054 0.774778 0.148064 -2.075757 -1.011669 -0.908679
7.678279 5.741981 0.925090 -1.331692 5.069356 0.261138 -3.067803 -1.305200 -8.802267 -13.218728 -1.260736 -7.964382 -15.065010
37.767530 38.213019 37.629814 40.113068 37.592439 36.208746 35.732670 38.949392 37.812097 32.049722 39.208949 42.599612 41.322045
-0.638255 2.962911 3.293073 3.317121 -4.022573 -3.546332 -3.655310 1.160104 0.812083 0.183777 -2.096813 -1.003487 -0.898176
7.690439 5.743403 0.925154 -1.418631 5.091208 0.264988 -3.070689 -1.298286 -8.831288 -13.091469 -1.248004 -7.986509 -15.067735
37.947225 38.389329 37.801992 40.203188 37.769357 36.447847 36.023623 39.114179 38.221275 32.342589 39.371337 42.682672 41.301789
-0.639831 2.948728 3.255870 3.301683 -4.040200 -3.570889 -3.684191 1.127756 0.855133 0.215266 -2.128227 -1.006012 -0.893117
7.701833 5.742599 0.921587 -1.508113 5.112479 0.273143 -3.069537 -1.309341 -8.871917 -12.979859 -1.225355 -7.998090 -15.062560
38.120807 38.553586 37.976525 40.290419 37.949817 36.674601 36.310965 39.264916 38.634326 32.649492 39.525075 42.755932 41.292303
-0.634547 2.939915 3.216875 3.285663 -4.051469 -3.584554 -3.702983 1.102838 0.890628 0.246941 -2.152173 -1.008014 -0.885685
7.711657 5.746172 0.921857 -1.595819 5.126029 0.273337 -3.075630 -1.314423 -8.896015 -12.860851 -1.208247 -8.014417 -15.064128
38.298665 38.718075 38.153482 40.370738 38.132684 36.908358 36.610065 39.417810 39.045045 32.964865 39.681994 42.833931 41.301516
-0.632675 2.943029 3.192213 3.283497 -4.049887 -3.586186 -3.712321 1.098161 0.915511 0.265724 -2.156729 -1.010630 -0.879176
7.728785 5.755451 0.928805 -1.673422 5.151533 0.283906 -3.070152 -1.295116 -8.885669 -12.727430 -1.193499 -8.040041 -15.073348
38.473438 38.892011 38.334433 40.450970 38.307963 37.143146 36.913011 39.578077 39.456951 33.298907 39.845534 42.908061 41.302756
-0.634355 2.946600 3.168919 3.278592 -4.047251 -3.592088 -3.728513 1.102156 0.941308 0.267166 -2.152576 -1.020158 -0.881085
7.751310 5.769210 0.940120 -1.740949 5.185138 0.302315 -3.055624 -1.270725 -8.861684 -12.607101 -1.172024 -8.055983 -15.072966
38.641388 39.069542 38.521856 40.536673 38.476571 37.373637 37.218014 39.737959 39.864439 33.649921 40.008401 42.991100 41.316496
-0.628536 2.942267 3.131676 3.258860 -4.054988 -3.609296 -3.756003 1.096316 0.969881 0.267201 -2.158602 -1.039060 -0.887607
7.774512 5.783422 0.951625 -1.803845 5.216645 0.320826 -3.039523 -1.254006 -8.837718 -12.508387 -1.147270 -8.063295 -15.064932
38.812772 39.228053 38.692000 40.602721 38.658946 37.611130 37.539665 39.897438 40.266011 34.010191 40.162532 43.075084 41.338468
-0.619083 2.936913 3.095338 3.247161 -4.066836 -3.633636 -3.784996 1.090867 0.995955 0.261713 -2.164818 -1.057938 -0.891929
7.794226 5.789086 0.954046 -1.874766 5.249002 0.339460 -3.021426 -1.237846 -8.807242 -12.421152 -1.131068 -8.081089 -15.067804
38.981539 39.366362 38.849847 40.648296 38.853992 37.866905 37.877834 40.057481 40.657277 34.372104 40.312967 43.148416 41.353996
-0.617892 2.934784 3.067125 3.247558 -4.073582 -3.653978 -3.806023 1.085680 1.012542 0.239510 -2.171140 -1.074242 -0.888826
7.803460 5.784588 0.945694 -1.953435 5.270924 0.346432 -3.013323 -1.230530 -8.779952 -12.357589 -1.118786 -8.104857 -15.075118
39.149901 39.513064 39.026147 40.706069 39.038031 38.122107 38.208758 40.225885 41.041604 34.740351 40.464221 43.213654 41.358180
-0.624418 2.928585 3.032811 3.240114 -4.080862 -3.671306 -3.827938 1.059365 1.021127 0.218960 -2.197726 -1.099361 -0.884715
7.813356 5.787976 0.945618 -2.015801 5.286038 0.347685 -3.008810 -1.236620 -8.761245 -12.326314 -1.083994 -8.103836 -15.056218
39.323709 39.677052 39.218572 40.782755 39.205443 38.362509 38.529809 40.406319 41.427628 35.122895 40.616635 43.278057 41.359722
-0.616656 2.930934 3.001975 3.234989 -4.079569 -3.680293 -3.847937 1.059136 1.028024 0.219976 -2.198608 -1.116733 -0.885681
7.840272 5.810336 0.965036 -2.053644 5.316997 0.366275 -2.983885 -1.208637 -8.707457 -12.278095 -1.050242 -8.109266 -15.039724
39.500567 39.841311 39.408282 40.854977 39.376373 38.604023 38.862681 40.596836 41.793183 35.492353 40.792234 43.354943 41.360687
-0.597970 2.942790 2.979691 3.234498 -4.069272 -3.689309 -3.867367 1.092445 1.035741 0.225145 -2.166818 -1.121495 -0.888682
7.867692 5.830884 0.983644 -2.088421 5.350118 0.387768 -2.952716 -1.160564 -8.633170 -12.229138 -1.037447 -8.140021 -15.045251
39.679012 40.004267 39.589062 40.914632 39.549769 38.845276 39.203109 40.782594 42.132209 35.846130 40.978077 43.433376 41.353642
-0.586773 2.950137 2.954573 3.225432 -4.063613 -3.712600 -3.890023 1.107113 1.042126 0.229316 -2.153381 -1.129984 -0.887128
7.885853 5.834682 0.987475 -2.128354 5.379869 0.404589 -2.924927 -1.135225 -8.574308 -12.229595 -1.026034 -8.163124 -15.046781
39.848915 40.162931 39.745736 40.961422 39.707773 39.084084 39.532884 40.950708 42.473978 36.222493 41.133525 43.496224 41.347277
-0.578290 2.954634 2.929288 3.213772 -4.061540 -3.737759 -3.910689 1.101929 1.047319 0.251243 -2.160144 -1.143536 -0.887138
7.903992 5.835196 0.988641 -2.163643 5.413267 0.426107 -2.890888 -1.116732 -8.515409 -12.252860 -1.010713 -8.178770 -15.043573
40.013536 40.314999 39.891038 41.005411 39.865583 39.327996 39.862996 41.122158 42.831283 36.626400 41.276436 43.546506 41.339601
-0.562865 2.960761 2.907866 3.209027 -4.056729 -3.754880 -3.931577 1.097100 1.047301 0.280715 -2.166454 -1.156512 -0.891517
7.923264 5.847464 1.001755 -2.184015 5.438153 0.442163 -2.856857 -1.093488 -8.448646 -12.277375 -0.994919 -8.195154 -15.046725
40.178271 40.472383 40.041342 41.051204 40.031927 39.568698 40.204168 41.296974 43.184747 37.032021 41.422148 43.591107 41.344455
-0.544672 2.973366 2.894891 3.204948 -4.044416 -3.769374 -3.951187 1.102518 1.037157 0.309019 -2.162483 -1.168122 -0.886204
7.941098 5.857342 1.013825 -2.202648 5.462890 0.458749 -2.818053 -1.066725 -8.374813 -12.305648 -0.985237 -8.219211 -15.063915
40.338874 40.638524 40.187223 41.091553 40.189250 39.803854 40.544191 41.468027 43.530088 37.437371 41.564437 43.625655 41.360210
-0.541790 2.978773 2.878754 3.181955 -4.039207 -3.798046 -3.979393 1.088199 1.023754 0.342870 -2.177135 -1.191792 -0.880133
7.958119 5.862440 1.020590 -2.224349 5.489643 0.477842 -2.774815 -1.060866 -8.316297 -12.364198 -0.960634 -8.226364 -15.064893
40.505305 40.803387 40.338663 41.137467 40.338967 40.040146 40.880334 41.643790 43.884123 37.863014 41.704745 43.655648 41.375499
-0.545033 2.964131 2.844709 3.145966 -4.054722 -3.845736 -4.025692 1.038330 1.008185 0.383410 -2.224286 -1.229449 -0.884875
7.979592 5.876160 1.035644 -2.232241 5.513819 0.496265 -2.728051 -1.080706 -8.277356 -12.461996 -0.904541 -8.194648 -15.024427
40.688243 40.958511 40.484555 41.184427 40.499046 40.284384 41.227773 41.818010 44.241197 38.308128 41.839630 43.692300 41.390759
-0.527877 2.962737 2.823296 3.129442 -4.056398 -3.883923 -4.061030 1.028923 0.992054 0.424178 -2.233027 -1.250730 -0.886235
7.997507 5.886915 1.049460 -2.234880 5.536751 0.514675 -2.679567 -1.071147 -8.209406 -12.547743 -0.881922 -8.196208 -15.013751
40.863250 41.119944 40.620873 41.236532 40.655368 40.534508 41.575679 41.985026 44.575087 38.747635 41.978247 43.740083 41.405571
-0.507563 2.982794 2.824158 3.129466 -4.034775 -3.904373 -4.072517 1.062772 0.980629 0.456230 -2.201725 -1.255254 -0.883265
8.005561 5.889835 1.056821 -2.240819 5.553939 0.529192 -2.630873 -1.036737 -8.119608 -12.619727 -0.900583 -8.240805 -15.042972
41.009545 41.297429 40.762354 41.302727 40.799825 40.777044 41.919104 42.151302 44.888217 39.180609 42.125100 43.796350 41.418572